0 0.17744479495268142 0.20052424639580602 0.32018927444794953 0.15203145478374835
0 0.45268138801261826 0.10288335517693316 0.33753943217665616 0.12975098296199214
0 0.7105678233438486 0.1710353866317169 0.10883280757097792 0.17693315858453473
0 0.637223974763407 0.3158584534731324 0.08832807570977919 0.16775884665792923
0 0.752365930599369 0.3591087811271294 0.09463722397476337 0.18086500655307983
0 0.23107255520504716 0.3505897771952819 0.20662460567823326 0.13499344692005238
0 0.4376971608832808 0.43643512450851835 0.12145110410094624 0.1598951507208395
0 0.40930599369085174 0.775229357798165 0.14353312302839116 0.292267365661861
0 0.657728706624606 0.7699868938401047 0.14511041009463757 0.2975098296199211
0 0.8675078864353313 0.8171690694626474 0.2113564668769716 0.18741808650065525
0 0.2555205047318612 0.5235910878112714 0.29652996845425866 0.2398427260812582
0 0.6025236593059935 0.5314547837483619 0.15772870662460567 0.21887287024901703
0 0.5118296529968456 0.6159895150720839 0.11829652996845424 0.1703800786369594
0 0.750788643533123 0.555045871559633 0.10094637223974763 0.19003931847968544
0 0.8966876971608833 0.6422018348623854 0.1971608832807571 0.14154652686762778
0 0.9085173501577287 0.35190039318479677 0.17665615141955837 0.3027522935779816
0 0.4290220820189275 0.2765399737876802 0.21766561514195584 0.09698558322411537
