0 0.3857808857808858 0.7804718217562254 0.3566433566433567 0.17955439056356481
0 0.31585081585081587 0.7083879423328965 0.34265734265734266 0.12450851900393184
0 0.8275058275058275 0.7608125819134994 0.34498834498834496 0.22411533420707733
0 0.5559440559440559 0.5996068152031454 0.49184149184149184 0.10353866317169069
0 0.2773892773892774 0.5268676277850589 0.1585081585081585 0.12057667103538662
0 0.11771561771561771 0.491480996068152 0.23543123543123542 0.21756225425950196
0 0.06177156177156177 0.3125819134993447 0.12354312354312354 0.21100917431192667
0 0.15967365967365968 0.15858453473132372 0.22144522144522147 0.20445609436435125
0 0.3275058275058275 0.28768020969855834 0.3566433566433567 0.19003931847968544
0 0.38111888111888104 0.3211009174311926 0.337995337995338 0.21756225425950196
0 0.3846153846153847 0.43446920052424637 0.16317016317016317 0.1218872870249017
0 0.49533799533799533 0.4600262123197903 0.2680652680652681 0.20445609436435125
0 0.773892773892774 0.4600262123197902 0.30303030303030304 0.09960681520314547
0 0.8741258741258742 0.5 0.24242424242424243 0.10091743119266057
0 0.6771561771561773 0.26867627785058984 0.3333333333333332 0.19134993446920054
0 0.8636363636363639 0.30144167758846657 0.2727272727272727 0.1546526867627785
0 0.7447552447552449 0.09370904325032764 0.16083916083916083 0.16644823066841416
0 0.4568764568764569 0.08715596330275228 0.3076923076923077 0.14285714285714288
