0 0.7680652680652681 0.21625163826998692 0.337995337995338 0.3145478374836173
0 0.29370629370629375 0.2863695937090433 0.44289044289044294 0.23197903014416776
0 0.3741258741258743 0.45937090432503275 0.34731934731934744 0.19790301441677588
0 0.20396270396270397 0.7188728702490171 0.2727272727272727 0.23197903014416776
0 0.13636363636363635 0.913499344692005 0.25874125874125875 0.17300131061598958
0 0.36713286713286714 0.9410222804718217 0.40792540792540793 0.11795543905635648
0 0.8426573426573427 0.9252948885976412 0.2773892773892774 0.14941022280471822
0 0.7459207459207461 0.7018348623853211 0.4195804195804196 0.1507208387942334
0 0.5163170163170164 0.8309305373525556 0.039627039627039624 0.013106159895150717
0 0.6958041958041957 0.6166448230668414 0.5058275058275058 0.15072083879423329
0 0.6165501165501166 0.5216251638269988 0.5104895104895106 0.22018348623853215
