0 0.34731934731934727 0.6874180865006552 0.3962703962703963 0.10615989515072083
0 0.3298368298368298 0.4934469200524245 0.3613053613053613 0.14809960681520315
0 0.4685314685314685 0.4436435124508519 0.47086247086247085 0.145478374836173
0 0.19114219114219114 0.3132372214941022 0.3822843822843823 0.14941022280471822
0 0.4825174825174824 0.9331585845347314 0.25641025641025633 0.13368283093053734
0 0.6177156177156178 0.9062909567496726 0.31235431235431244 0.18741808650065525
0 0.7622377622377623 0.8525557011795546 0.4382284382284382 0.24246395806028834
0 0.8041958041958043 0.727391874180865 0.3916083916083916 0.1965923984272608
0 0.9265734265734263 0.5760157273918742 0.14685314685314685 0.1218872870249017
0 0.6771561771561773 0.3505897771952818 0.45454545454545453 0.10091743119266057
0 0.5617715617715617 0.26343381389252946 0.48951048951048953 0.10747051114023591
0 0.7645687645687645 0.12909567496723462 0.24242424242424243 0.11926605504587157
0 0.24708624708624707 0.06094364351245085 0.49417249417249415 0.0982961992136304
