0 0.29370629370629375 0.9560943643512451 0.386946386946387 0.08781127129750983
0 0.3822843822843823 0.8958060288335516 0.5407925407925408 0.13237221494102228
0 0.8846153846153847 0.9397116644823066 0.23076923076923075 0.12057667103538662
0 0.12237762237762231 0.8296199213630405 0.24475524475524463 0.12057667103538722
0 0.3776223776223776 0.7057667103538664 0.5221445221445221 0.0982961992136304
0 0.5233100233100234 0.7752293577981653 0.4731934731934732 0.07208387942332896
0 0.08158508158508158 0.5465268676277851 0.16317016317016317 0.1127129750982962
0 0.07808857808857811 0.3427260812581913 0.15617715617715622 0.09043250327653997
0 0.479020979020979 0.5340760157273919 0.2680652680652681 0.09305373525557015
0 0.43123543123543123 0.436435124508519 0.2191142191142191 0.08125819134993445
0 0.6748251748251748 0.4626474442988206 0.2773892773892774 0.08125819134993445
0 0.9172494172494171 0.5190039318479686 0.16550116550116545 0.1127129750982962
0 0.8799533799533802 0.41284403669724773 0.24009324009324007 0.05504587155963304
0 0.7913752913752912 0.3184796854521625 0.19813519813519814 0.1625163826998689
0 0.919580419580419 0.36566186107470466 0.16083916083916125 0.04980340760157259
0 0.7389277389277389 0.5740498034076016 0.06993006993006994 0.039318479685452164
0 0.4976689976689977 0.374180865006553 0.29603729603729606 0.04849279161205768
0 0.3181818181818182 0.33420707732634336 0.13286713286713286 0.14678899082568808
0 0.47435897435897423 0.29554390563564875 0.24009324009324007 0.07208387942332896
0 0.6258741258741258 0.2522935779816514 0.1934731934731935 0.07208387942332896
0 0.8205128205128206 0.2044560943643512 0.23776223776223776 0.0655307994757536
0 0.4090909090909091 0.22477064220183485 0.24475524475524477 0.06946264744429882
0 0.24941724941724935 0.1323722149410223 0.12121212121212122 0.11009174311926608
0 0.4720279720279721 0.1598951507208388 0.17482517482517484 0.06028833551769331
0 0.6351981351981353 0.16644823066841416 0.23076923076923075 0.06290956749672345
0 0.5664335664335663 0.09567496723460027 0.27505827505827507 0.07339449541284404
0 0.37995337995337997 0.11926605504587155 0.20046620046620053 0.11795543905635648
