0 0.35437881873727084 0.35583224115334205 0.09368635437881874 0.11926605504587157
0 0.225050916496945 0.33944954128440374 0.1079429735234216 0.10747051114023591
0 0.104887983706721 0.33224115334207077 0.16089613034623224 0.1402359108781127
0 0.12525458248472504 0.5412844036697249 0.11608961303462322 0.13630406290956754
0 0.15682281059063136 0.6572739187418086 0.13034623217922608 0.12975098296199214
0 0.2668024439918533 0.855832241153342 0.15478615071283092 0.15203145478374835
0 0.14562118126272913 0.9574049803407602 0.17718940936863542 0.07470511140235911
0 0.4287169042769857 0.8276539973787681 0.12423625254582485 0.127129750982962
0 0.30651731160896134 0.6756225425950197 0.1364562118126273 0.0799475753604194
0 0.3788187372708759 0.7149410222804718 0.1140529531568228 0.10091743119266057
0 0.4684317718940937 0.7182175622542596 0.07739307535641546 0.10747051114023591
0 0.2739307535641548 0.5740498034076016 0.17311608961303462 0.10747051114023591
0 0.14663951120162932 0.8145478374836175 0.19144602851323828 0.06684141546526867
0 0.14969450101832993 0.7680209698558322 0.15682281059063136 0.0655307994757536
0 0.040733197556008155 0.7588466579292253 0.08146639511201631 0.12581913499344663
0 0.8105906313645622 0.9292267365661858 0.3054989816700612 0.14154652686762778
0 0.9307535641547863 0.913499344692005 0.13849287169042773 0.1598951507208388
0 0.9623217922606925 0.7955439056356489 0.07535641547861507 0.17824377457404986
0 0.6832993890020366 0.8106159895150724 0.23421588594704684 0.145478374836173
0 0.8401221995926679 0.707732634338139 0.17311608961303462 0.21756225425950196
0 0.8645621181262729 0.5589777195281782 0.1975560081466395 0.18479685452162517
0 0.5376782077393075 0.7549148099606815 0.13034623217922608 0.1546526867627785
0 0.6344195519348269 0.6539973787680209 0.12016293279022404 0.09698558322411537
0 0.5539714867617108 0.6022280471821756 0.13849287169042773 0.1166448230668414
0 0.39103869653767825 0.6002621231979031 0.09368635437881874 0.10222804718217562
0 0.28411405295315684 0.491480996068152 0.14460285132382894 0.10484927916120573
0 0.4409368635437882 0.5176933158584535 0.12830957230142567 0.13630406290956754
0 0.5773930753564155 0.4901703800786369 0.11608961303462322 0.09174311926605505
0 0.6822810590631366 0.5452162516382699 0.11812627291242363 0.12057667103538662
0 0.04276985743380855 0.944954128440367 0.0855397148676171 0.0655307994757536
0 0.04378818737270875 0.617300131061599 0.0875763747454175 0.10747051114023591
0 0.0274949083503055 0.4744429882044561 0.054989816700611 0.14416775884665792
0 0.48574338085539714 0.3663171690694626 0.1120162932790224 0.13761467889908258
0 0.5763747454175153 0.3735255570117955 0.109979633401222 0.12844036697247707
0 0.6995926680244399 0.4239842726081258 0.12830957230142567 0.09567496723460027
0 0.5885947046843177 0.2385321100917432 0.1140529531568228 0.08650065530799479
0 0.8156822810590632 0.3256880733944955 0.17718940936863542 0.10615989515072083
0 0.95213849287169 0.3505897771952819 0.09572301425661875 0.0642201834862385
0 0.6446028513238291 0.18479685452162514 0.09572301425661914 0.12319790301441674
0 0.7474541751527494 0.23853211009174313 0.15478615071283092 0.09436435124508519
0 0.8890020366598778 0.18086500655307994 0.12423625254582485 0.06028833551769331
0 0.865580448065173 0.2575360419397117 0.15885947046843177 0.07208387942332896
0 0.9307535641547866 0.28768020969855834 0.13034623217922614 0.10353866317169072
0 0.7006109979633401 0.1055045871559633 0.15071283095723015 0.0851900393184797
0 0.7260692464358454 0.18283093053735258 0.08350305498981657 0.08781127129750986
0 0.814663951120163 0.12778505897771958 0.11812627291242363 0.08256880733944955
0 0.9287169042769857 0.09174311926605505 0.109979633401222 0.08912188728702493
